m1
222
333111
222
333111
222
333111
222
333111
222
m33111
222
333111
222
333111
222
333111
222
333111
222
333111
222
333111
222
333111
222
333111
222
333111
222
333111
222
333111
222
333111
222
333111
222
333111
222
333111
222
333111
222
333111
222
333111
222
333111
222
333111
222
333111
222
333111
222
333111
222
333111
222
333111
222
333111
222
333111
222
333111
222
333111
222
333111
222
333111
222
333111
222
333111
222
333111
222
333111
222
333111
222
333111
222
333111
222
333111
222
333111
222
333111
222
333111
222
333111
222
333111
222
333111
222
333111
222
333111
222
333111
222
333111
222
333111
222
333111
222
333111
222
333111
222
333111
222
333111
222
333111
222
333111
222
333111
222
333111
222
333111
222
333111
222
333111
222
333111
222
333111
222
333111
222
333111
222
333111
222
333111
222
333111
222
333111
222
333111
222
333111
222
333111
222
333111
222
333111
222
333111
222
333111
222
333111
222
333111
222
333111
222
333111
222
333111
222
333111
222
333111
222
333111
222
333111
222
333111
222
333111
222
333111
222
333111
222
333111
222
333111
222
333111
222
333111
222
333111
222
333111
222
333111
222
333111
222
333111
222
333111
222
333111
222
333111
222
333111
222
333111
222
333111
222
333111
222
333111
222
333111
222
333111
222
333111
222
333111
222
333111
222
333111
222
333111
222
333111
222
333111
222
333111
222
333
